[Variables]
nozzle_expansion_applied_offset = 0.059625000000707556
nozzle_expansion_coefficient = 0.06625000000078618

