[Variables]
nozzle_expansion_applied_offset = 0.06046875000287866
nozzle_expansion_coefficient = 0.06718750000319851

