[Variables]
nozzle_expansion_applied_offset = 0.055650000000660386
nozzle_expansion_coefficient = 0.06625000000078618

