[Variables]
nozzle_expansion_applied_offset = 0.0675750000008019
nozzle_expansion_coefficient = 0.06625000000078618

