[Variables]
nozzle_expansion_applied_offset = 0.028074375000383928
nozzle_expansion_coefficient = 0.05425000000074189

