[Variables]
nozzle_expansion_applied_offset = 0.06475937500076849
nozzle_expansion_coefficient = 0.06625000000078618

